0
5
10
20
30
35
60
65
70
75
80
85
90
95
100
105
110
115
120
125
130
135
140
145
150
155
160
165
170
175
180
195
205
215
225
235
245
250
255
260
265
275
290
295
300
305
310
320
325
330
335
350
380
390
400
410
415
420
425
440
445
450
455
460
465
470
475
480
485
490
495
500
505
515
520
525
530
535
545
550
555
560
570
580
585
590
595
605
625
630
640
650
660
670
680
690
700
705
715
725
730
735
740
745
750
755
760
765
775
780
785
800
805
815
835
850
855
860
865
875
880
890
895
905
915
935
945
950
960
980
1005
1020
1030
1040
1060
1075
1085
1100
1115
1125
1140
1150
1175
1195
1215
1225
1240
1255
1270
1280
1295
1305
1310
1330
1340
1345
1350
1355
1360
1365
1370
1375
1385
1390
1395
1400
1405
1410
1420
1425
1430
1435
1440
1445
1450
1455
1460
1465
1470
1475
1480
1485
1490
1495
1500
1505
1510
1515
1520
1525
1530
1535
1540
1545
1550
1560
1575
1585
1590
1600
1605
1610
1615
1620
1625
1630
1635
1640
1645
1650
1655
1665
1670
1675
1685
1695
1700
1710
1725
1740
1750
1765
1775
1780
1785
1790
1810
1825
1845
1855
1865
1880
1890
1900
1910
1915
1920
1925
1930
1935
1945
1950
1955
1965
1975
1980
1985
1990
1995
2000
2005
2010
2015
2020
2025
2030
2035
2040
2045
2050
2055
2060
2065
2070
2075
2080
2085
2090
2100
2105
2110
2120
2130
2140
2155
2160
2180
2190
2195
2200
2205
2210
2220
2230
2235
2245
2250
2255
2260
2265
2280
2290
2300
2315
2325
2340
2355
2380
2390
2410
2420
2435
2445
2450
2460
2465
2470
2475
2480
2485
2490
2495
2500
2505
2510
2515
2520
2525
2530
2535
2540
2545
2550
2555
2560
2565
2570
2575
2580
2590
2600
2605
2610
2615
2620
2625
2630
2635
2640
2645
2650
2655
2660
2665
2670
2675
2680
2685
2690
2695
2700
2705
2715
2730
2740
2750
2755
2760
2765
2770
2775
2780
2785
2790
2795
2800
2805
2810
2815
2825
2830
2840
2850
2855
2860
2865
2870
2880
2885
2890
2895
2900
2905
2910
2915
2920
2925
2930
2935
2940
2945
2950
2955
2960
2965
2970
2975
2980
2985
2990
2995
3000
3005
3010
3015
3025
3030
3040
3045
3055
3065
3075
3085
3095
3100
3110
3120
3125
3130
3140
3145
3150
3155
3160
3165
3170
3175
3180
3185
3190
3195
3200
3205
3210
3215
3220
3225
3230
3235
3240
3245
3250
3255
3260
3265
3270
3280
3285
3290
3300
3310
3315
3320
3325
3330
3340
3350
3355
3365
3370
3375
3380
3385
3390
3395
3400
3405
3410
3415
3420
3425
3430
3435
3440
3445
3450
3455
3460
3465
3470
3475
3480
3485
3490
3495
3500
3505
3510
3515
3520
3525
3530
3535
3545
3550
3555
3560
3565
3570
3575
3580
3585
3590
3595
3600
3605
3610
3615
3620
3625
3630
3635
3640
3645
3650
3655
3660
3665
3670
3675
3680
3685
3690
3695
3700
3705
3710
3715
3720
3725
3730
3735
3740
3745
3750
3755
3760
3765
3770
3775
3780
3785
3790
3795
3800
3805
3810
3815
3820
3825
3830
3835
3845
3850
3855
3860
3865
3870
3875
3880
3885
3890
3895
3900
3905
3910
3915
3920
3925
3930
3935
3940
3945
3950
3955
3960
3965
3970
3975
3980
3985
3990
3995
4000
4005
4015
4020
4025
4030
4035
4040
4045
4050
4055
4060
4070
4075
4080
4085
4090
4095
4100
4105
4110
4115
4125
4130
4135
4140
4145
4150
4155
4160
4165
4170
4175
4180
4185
4190
4195
4200
4205
4210
4215
4220
4230
4240
4245
4250
4255
4260
4265
4270
4275
4280
4285
4290
4300
4310
4315
4320
4325
4330
4335
4340
4345
4350
4355
4360
4365
4370
4375
4380
4385
4390
4395
4400
4410
4415
4420
4425
4435
4440
4455
4465
4470
4480
4485
4495
4500
4505
4510
4515
4520
4525
4530
4535
4540
4545
4550
4555
4565
4575
4585
4595
4600
4605
4610
4615
4620
4625
4630
4640
4645
4655
4660
4665
4670
4675
4680
4685
4690
4695
4700
4705
4710
4715
4720
4725
