0
5
15
25
35
45
55
60
65
70
75
80
85
90
95
100
105
110
115
120
125
130
135
140
145
150
155
160
170
175
180
190
200
205
210
220
225
235
245
250
255
260
265
275
290
300
315
320
325
330
345
355
365
375
390
400
405
415
420
425
435
450
455
460
465
470
475
480
485
490
495
500
510
515
520
525
530
535
545
555
565
570
575
580
585
600
605
610
615
620
630
640
645
660
670
675
690
705
715
725
730
735
740
745
750
760
775
780
785
790
800
810
825
835
840
845
850
855
860
870
880
885
890
895
900
905
910
915
930
940
950
965
970
980
990
1005
1015
1020
1030
1040
1045
1060
1070
1085
1100
1115
1135
1150
1160
1175
1185
1200
1220
1235
1240
1255
1260
1270
1275
1285
1290
1295
1300
1305
1310
1315
1320
1330
1340
1345
1350
1360
1365
1370
1375
1380
1385
1390
1395
1400
1410
1415
1420
1430
1435
1440
1445
1450
1455
1465
1470
1475
1480
1485
1490
1495
1500
1505
1510
1515
1520
1525
1530
1535
1540
1545
1550
1555
1565
1575
1580
1585
1590
1600
1605
1610
1615
1620
1625
1630
1635
1640
1645
1650
1655
1660
1665
1670
1675
1680
1685
1695
1700
1705
1710
1720
1745
1755
1765
1775
1780
1785
1790
1805
1820
1830
1855
1865
1870
1875
1890
1905
1925
1940
1945
1950
1955
1965
1970
1975
1985
1990
1995
2000
2010
2015
2020
2025
2030
2040
2050
2055
2060
2065
2070
2075
2085
2095
2100
2105
2115
2120
2130
2145
2170
2180
2190
2195
2205
2220
2230
2240
2255
2265
2275
2295
2320
2340
2370
2375
2390
2415
2420
2430
2445
2455
2460
2465
2470
2475
2480
2485
2490
2495
2500
2505
2510
2515
2520
2525
2530
2535
2540
2545
2550
2560
2565
2570
2575
2580
2585
2595
2600
2605
2610
2615
2620
2625
2630
2635
2640
2645
2650
2655
2660
2665
2670
2675
2680
2685
2690
2695
2700
2705
2710
2720
2725
2730
2745
2750
2755
2760
2765
2770
2775
2780
2785
2800
2805
2810
2815
2820
2825
2830
2835
2845
2850
2855
2860
2865
2870
2875
2880
2885
2890
2895
2900
2905
2910
2915
2920
2925
2930
2935
2940
2945
2950
2955
2960
2965
2970
2975
2980
2985
2990
2995
3000
3005
3010
3015
3025
3035
3045
3050
3055
3060
3070
3080
3085
3090
3100
3105
3115
3120
3125
3130
3135
3140
3145
3150
3155
3160
3165
3175
3180
3185
3190
3195
3200
3205
3210
3215
3220
3225
3230
3235
3240
3245
3250
3255
3260
3265
3270
3280
3285
3295
3305
3310
3315
3325
3335
3350
3360
3370
3375
3380
3385
3395
3400
3405
3410
3415
3420
3425
3430
3435
3440
3445
3450
3455
3460
3465
3470
3475
3480
3490
3495
3510
3515
3520
3525
3530
3540
3545
3550
3555
3560
3570
3575
3580
3585
3590
3595
3600
3605
3610
3615
3620
3625
3630
3635
3640
3645
3650
3655
3660
3665
3670
3675
3680
3685
3690
3695
3700
3705
3710
3715
3720
3725
3730
3735
3740
3745
3750
3755
3760
3765
3770
3775
3780
3785
3790
3795
3800
3805
3810
3815
3820
3825
3830
3835
3840
3845
3850
3855
3860
3865
3870
3875
3880
3885
3890
3895
3900
3905
3910
3915
3920
3925
3930
3935
3940
3945
3950
3955
3960
3965
3970
3975
3985
3990
3995
4000
4005
4010
4015
4020
4025
4030
4035
4040
4045
4050
4055
4060
4065
4070
4075
4080
4085
4090
4095
4100
4105
4110
4115
4125
4135
4140
4145
4155
4160
4165
4170
4175
4180
4185
4190
4195
4205
4210
4215
4225
4235
4240
4245
4250
4255
4260
4265
4270
4275
4280
4285
4295
4300
4310
4315
4320
4325
4330
4335
4340
4345
4350
4355
4360
4365
4370
4375
4380
4385
4390
4395
4400
4405
4410
4415
4420
4430
4440
4445
4455
4465
4470
4480
4490
4495
4500
4505
4510
4515
4520
4525
4530
4535
4540
4545
4550
4555
4575
4590
4595
4600
4605
4610
4615
4620
4625
4630
4635
4640
4645
4650
4655
4660
4665
4670
4675
4680
4685
4690
4695
4700
4705
4710
4715
4720
4725
