2
4
38
115
120
125
127
130
133
134
135
138
141
144
146
147
153
156
160
186
187
188
213
224
230
240
242
243
250
251
253
254
255
256
259
262
266
278
283
285
290
300
317
351
357
360
363
375
376
377
378
383
386
387
390
397
402
422
443
466
469
473
480
488
494
500
501
502
503
505
506
518
528
530
566
600
616
625
626
657
704
710
716
717
720
724
734
750
751
755
758
799
802
818
825
840
842
848
857
863
866
875
876
878
879
883
885
902
925
964
972
975
1000
1005
1010
1035
1052
1080
1090
1094
1107
1112
1125
1126
1128
1130
1143
1148
1168
1173
1175
1177
1191
1200
1210
1211
1212
1250
1260
1271
1275
1276
1279
1282
1284
1290
1292
1293
1303
1315
1320
1323
1327
1328
1344
1346
1347
1357
1364
1370
1375
1377
1378
1380
1382
1394
1397
1402
1407
1434
1440
1445
1451
1500
1501
1502
1503
1513
1515
1537
1539
1540
1541
1542
1548
1550
1552
1557
1571
1574
1575
1577
1586
1587
1590
1607
1609
1610
1622
1625
1632
1633
1634
1639
1648
1649
1650
1658
1670
1679
1680
1682
1683
1685
1687
1688
1701
1713
1724
1741
1742
1745
1750
1751
1752
1753
1754
1755
1756
1773
1785
1800
1804
1806
1809
1810
1812
1814
1816
1819
1823
1853
1859
1860
1875
1876
1879
1881
1886
1887
1900
1908
1912
1920
1928
1934
1980
1982
1985
1989
1991
1992
2000
2006
2066
2102
2110
2114
2115
2121
2122
2125
2126
2127
2128
2135
2160
2176
2196
2222
2225
2234
2235
2236
2250
2254
2258
2294
2342
2347
2367
2375
2413
2500
2515
2520
2615
2625
2638
2702
2707
2742
2750
2760
2875
2880
3000
3120
3149
3250
3360
3407
3409
3421
3444
3465
3500
3501
3510
3563
3625
3626
3709
3720
3750
3759
3795
3840
3869
3875
3899
3914
3919
3924
3926
3927
3930
3945
3950
3958
3966
3971
3972
3973
3974
3981
3982
3983
3984
3985
3986
3987
3990
3991
3999
4000
4010
4024
4033
4040
4065
4070
4081
4089
4099
4102
4105
4110
4111
4116
4125
4130
4142
4185
4200
4202
4250
4262
4370
4375
4377
4382
4421
4440
4474
